50		
50		
51
51		
51		
52		
52		
52		
52		
52		
53		
54		
56		
57		
57		
58		
58		
58		
59		
60		
61		
61		
61		
61		
61		
61		
62		
62		
63		
63		
63		
64		
65		
65		
66		
66		
71		
71		
72		
73		
74		
75		
75		
76		
78		
80		
80		
80		
81		
82		
86		
87		
88		
88		
88		
89		
91		
91		
91		
94		
96		
97		
99		
99		
99		
100		
101		
102		
103		
104		
104		
104		
106		
107		
109		
109		
109		
109		
111		
111		
111		
114		
114		
116		
116		
116		
117		
118		
118		
118		
119		
119		
120		
122		
123		
124		
126		
126		
126		
130		
131		
131		
131		
131		
133		
133		
134		
135		
139		
139		
139		
143		
143		
144		
147		
149		
150		
150		
151		
153		
153		
155		
155		
155		
157		
158		
158		
159		
162		
163		
163		
163		
174		
175		
176		
177		
179		
179		
179		
180		
182		
183		
184		
184		
184		
184		
189		
189		
190		
190		
191		
192		
193		
194		
195		
195		
195		
196		
196		
196		
197		
198		
199		
199		
199		
200		
201		
204		
204		
205		
206		
207		
209		
210		
211		
212		
213		
214		
217		
218		
219		
219		
221		
221		
221		
226		
227		
228		
228		
229		
230		
233		
234		
235		
235		
235		
236		
237		
239		
241		
242		
242		
245		
247		
247		
247		
247		
249		
249		
249		
249		
250		
250		
252		
255		
256		
257		
259		
261		
262		
262		
262		
263		
263		
264		
265		
265		
267		
267		
268		
269		
270		
271		
272		
272		
272		
274		
274		
275		
275		
277		
277		
277		
278		
279		
280		
280		
280		
280		
281		
281		
281		
288		
289		
290		
291		
294		
295		
295		
296		
297		
297		
298		
299		
301		
303		
303		
304		
304		
305		
306		
306		
307		
307		
309		
309		
312		
313		
315		
316		
316		
317		
318		
318		
319		
319		
319		
320		
321		
322		
323		
324		
326		
327		
329		
332		
334		
335		
336		
337		
337		
339		
342		
342		
342		
344		
344		
344		
344		
345		
345		
346		
346		
346		
347		
348		
348		
348		
350		
350		
351		
354		
354		
355		
357		
357		
357		
358		
358		
359		
359		
361		
362		
364		
367		
368		
372		
373		
374		
374		
375		
375		
376		
376		
377		
377		
378		
379		
379		
381		
384		
385		
389		
391		
393		
393		
395		
399		
399		
399		
400		
400		
400		
401		
401		
403		
403		
403		
404		
404		
404		
404		
406		
407		
408		
408		
409		
410		
410		
411		
411		
412		
413		
413		
413		
413		
414		
414		
415		
416		
416		
416		
418		
420		
420		
421		
422		
424		
426		
426		
428		
429		
429		
431		
431		
432		
433		
433		
435		
436		
437		
437		
438		
439		
439		
439		
440		
442		
444		
444		
445		
445		
445		
449		
449		
452		
453		
453		
454		
454		
455		
455		
456		
457		
459		
459		
460		
460		
464		
464		
464		
464		
465		
467		
468		
469		
470		
472		
472		
474		
476		
478		
481		
481		
483		
484		
484		
485		
487		
488		
494		
495		
498		
498		
499		
499		
499		
500		
500		
500		
501		
502		
502		
503		
505		
505		
505		
505		
509		
511		
514		
517		
518		
518		
518		
518		
518		
519		
520		
523		
526		
526		
529		
529		
529		
530		
530		
531		
532		
532		
533		
533		
535		
537		
538		
540		
540		
544		
546		
546		
551		
551		
553		
555		
556		
557		
557		
557		
558		
558		
560		
560		
560		
563		
565		
567		
568		
569		
571		
571		
571		
572		
572		
577		
577		
578		
578		
578		
580		
581		
582		
583		
583		
584		
585		
586		
587		
587		
587		
588		
588		
589		
589		
592		
593		
593		
595		
597		
600		
600		
600		
601		
601		
602		
602		
605		
606		
607		
609		
609		
610		
610		
610		
610		
612		
612		
612		
614		
615		
617		
619		
619		
620		
621		
622		
623		
625		
626		
626		
626		
626		
629		
630		
631		
631		
632		
632		
634		
634		
635		
635		
636		
637		
640		
641		
641		
641		
642		
642		
644		
646		
646		
647		
647		
648		
649		
651		
652		
652		
653		
653		
656		
656		
658		
660		
660		
661		
661		
662		
662		
663		
663		
663		
664		
666		
666		
666		
667		
668		
669		
669		
671		
672		
672		
674		
674		
676		
676		
680		
680		
681		
682		
683		
689		
689		
689		
691		
691		
691		
691		
693		
693		
693		
694		
694		
696		
696		
696		
697		
700		
701		
701		
702		
703		
703		
704		
705		
708		
708		
708		
709		
710		
710		
710		
710		
711		
712		
712		
712		
713		
714		
715		
716		
716		
717		
717		
718		
719		
719		
720		
720		
721		
721		
722		
722		
723		
723		
724		
725		
726		
726		
727		
727		
727		
728		
728		
728		
729		
729		
730		
730		
730		
734		
734		
736		
736		
736		
738		
740		
742		
742		
744		
745		
745		
746		
749		
750		
750		
750		
752		
752		
753		
753		
755		
755		
756		
758		
758		
760		
760		
761		
762		
762		
762		
762		
764		
766		
767		
767		
767		
768		
768		
769		
769		
770		
770		
770		
772		
773		
773		
774		
774		
774		
774		
775		
778		
778		
779		
780		
783		
783		
783		
783		
785		
785		
785		
790		
791		
792		
794		
794		
795		
796		
796		
798		
799		
800		
801		
801		
804		
804		
805		
806		
806		
807		
808		
808		
808		
810		
810		
811		
812		
812		
813		
814		
815		
815		
817		
817		
818		
819		
819		
820		
820		
821		
821		
822		
823		
823		
823		
824		
824		
824		
824		
825		
827		
827		
827		
827		
828		
828		
829		
829		
830		
831		
831		
832		
833		
835		
836		
837		
837		
837		
839		
840		
840		
840		
841		
841		
841		
842		
842		
842		
843		
843		
843		
844		
845		
846		
846		
848		
848		
851		
851		
852		
852		
852		
854		
854		
855		
856		
856		
859		
859		
860		
861		
867		
867		
868		
868		
869		
869		
870		
870		
872		
873		
874		
874		
876		
876		
878		
879		
879		
880		
881		
882		
883		
883		
886		
886		
888		
888		
891		
891		
892		
894		
895		
897		
898		
899		
901		
903		
903		
904		
907		
908		
910		
910		
912		
912		
914		
915		
915		
916		
918		
918		
918		
918		
918		
919		
919		
922		
925		
928		
929		
929		
929		
930		
932		
932		
932		
935		
936		
936		
938		
941		
941		
942		
942		
942		
943		
945		
945		
945		
946		
946		
947		
947		
948		
948		
950		
950		
950		
950		
951		
951		
952		
952		
952		
954		
957		
960		
961		
962		
964		
964		
964		
964		
965		
965		
968		
968		
968		
968		
969		
970		
971		
971		
973		
974		
974		
975		
975		
975		
979		
979		
979		
980		
980		
980		
980		
982		
987		
987		
987		
988		
990		
990		
991		
993		
994		
996		
997		
998		
999		
999		
1000		
1000		
1001		
1004		
1004		
1004		
1005		
1005		
1007		
1007		
1010		
1013		
1014		
1015		
1015		
1016		
1017		
1019		
1019		
1020		
1021		
1025		
1025		
1025		
1026		
1026		
1027		
1028		
1029		
1032		
1033		
1033		
1033		
1034		
1035		
1036		
1036		
1036		
1038		
1038		
1038		
1039		
1040		
1042		
1043		
1044		
1045		
1050		
1050		
1051		
1051		
1053		
1054		
1056		
1056		
1058		
1059		
1059		
1059		
1061		
1063		
1063		
1063		
1065		
1065		
1065		
1065		
1066		
1066		
1067		
1069		
1069		
1070		
1070		
1070		
1071		
1072		
1076		
1078		
1079		
1080		
1081		
1083		
1085		
1085		
1087		
1089		
1092		
1092		
1093		
1093		
1094		
1094		
1095		
1096		
1097		
1097		
1098		
1099		
1100		
1101		
1101		
1101		
1101		
1101		
1102		
1103		
1104		
1105		
1106		
1108		
1110		
1112		
1113		
1114		
1115		
1116		
1117		
1119		
1121		
1122		
1124		
1125		
1126		
1127		
1128		
1129		
1129		
1130		
1130		
1130		
1133		
1134		
1135		
1136		
1136		
1137		
1137		
1138		
1139		
1139		
1140		
1141		
1142		
1142		
1143		
1143		
1143		
1147		
1148		
1148		
1150		
1151		
1152		
1157		
1157		
1158		
1158		
1158		
1159		
1159		
1161		
1163		
1164		
1165		
1165		
1166		
1169		
1169		
1170		
1170		
1171		
1171		
1171		
1172		
1172		
1174		
1174		
1175		
1177		
1179		
1179		
1181		
1184		
1186		
1188		
1188		
1190		
1192		
1192		
1194		
1196		
1196		
1197		
1197		
1198		
1198		
1199		
1199		
1199		
1201		
1202		
1203		
1203		
1204		
1205		
1205		
1210		
1211		
1211		
1212		
1212		
1213		
1216		
1218		
1221		
1222		
1223		
1224		
1224		
1225		
1227		
1228		
1229		
1232		
1232		
1234		
1236		
1236		
1236		
1237		
1239		
1239		
1240		
1241		
1244		
1245		
1247		
1248		
1248		
1248		
1248		
1249		
1250		
1251		
1251		
1253		
1253		
1254		
1255		
1256		
1256		
1258		
1258		
1259		
1261		
1261		
1261		
1262		
1266		
1267		
1267		
1270		
1270		
1271		
1273		
1274		
1277		
1277		
1279		
1281		
1283		
1285		
1286		
1286		
1286		
1286		
1287		
1287		
1291		
1292		
1294		
1296		
1298		
1298		
1299		
1300		
1300		
1301		
1302		
1304		
1305		
1305		
1309		
1309		
1309		
1309		
1310		
1310		
1312		
1314		
1316		
1317		
1318		
1318		
1319		
1320		
1322		
1322		
1324		
1327		
1328		
1329		
1330		
1331		
1333		
1334		
1334		
1334		
1338		
1341		
1343		
1344		
1344		
1346		
1346		
1347		
1349		
1349		
1350		
1351		
1351		
1352		
1355		
1355		
1355		
1355		
1357		
1357		
1358		
1359		
1360		
1360		
1360		
1361		
1363		
1367		
1368		
1371		
1371		
1373		
1373		
1374		
1374		
1374		
1374		
1376		
1380		
1384		
1384		
1385		
1385		
1385		
1388		
1388		
1390		
1390		
1393		
1394		
1394		
1395		
1395		
1397		
1399		
1400		
1400		
1400		
1400		
1400		
1401		
1401		
1401		
1402		
1402		
1404		
1405		
1408		
1409		
1410		
1411		
1412		
1414		
1414		
1415		
1416		
1417		
1418		
1419		
1420		
1422		
1422		
1424		
1425		
1425		
1427		
1427		
1428		
1432		
1435		
1436		
1437		
1439		
1441		
1442		
1442		
1445		
1447		
1447		
1447		
1449		
1451		
1451		
1453		
1453		
1455		
1455		
1455		
1458		
1458		
1458		
1458		
1460		
1460		
1461		
1461		
1462		
1462		
1464		
1465		
1466		
1467		
1467		
1468		
1469		
1470		
1472		
1475		
1477		
1479		
1479		
1480		
1483		
1484		
1486		
1486		
1487		
1487		
1488		
1490		
1491		
1492		
1493		
1495		
1496		
1496		
1497		
1499		
1499		
1499		
1501		
1501		
1501		
1504		
1504		
1506		
1507		
1507		
1507		
1508		
1509		
1509		
1510		
1510		
1511		
1511		
1512		
1512		
1513		
1514		
1514		
1515		
1515		
1516		
1516		
1519		
1521		
1521		
1522		
1522		
1523		
1523		
1523		
1524		
1525		
1525		
1525		
1526		
1529		
1530		
1530		
1531		
1531		
1532		
1532		
1533		
1533		
1533		
1533		
1535		
1537		
1537		
1537		
1538		
1539		
1540		
1541		
1541		
1541		
1543		
1543		
1544		
1547		
1548		
1550		
1551		
1551		
1551		
1551		
1554		
1554		
1554		
1555		
1556		
1557		
1557		
1558		
1558		
1560		
1561		
1563		
1563		
1565		
1567		
1567		
1570		
1571		
1571		
1572		
1573		
1573		
1579		
1581		
1581		
1583		
1584		
1585		
1586		
1586		
1586		
1587		
1588		
1588		
1588		
1590		
1590		
1593		
1593		
1595		
1595		
1599		
1600		
1602		
1603		
1604		
1604		
1605		
1605		
1608		
1608		
1609		
1609		
1611		
1611		
1612		
1613		
1614		
1614		
1614		
1615		
1617		
1618		
1618		
1619		
1621		
1621		
1621		
1622		
1623		
1624		
1625		
1625		
1626		
1631		
1631		
1632		
1632		
1633		
1635		
1635		
1644		
1645		
1645		
1645		
1648		
1648		
1649		
1650		
1652		
1654		
1654		
1654		
1655		
1655		
1655		
1656		
1656		
1656		
1656		
1656		
1657		
1657		
1658		
1664		
1668		
1668		
1668		
1669		
1670		
1670		
1671		
1673		
1674		
1675		
1676		
1677		
1678		
1681		
1682		
1684		
1684		
1686		
1687		
1689		
1689		
1689		
1689		
1689		
1690		
1691		
1692		
1692		
1693		
1694		
1694		
1696		
1697		
1697		
1697		
1697		
1698		
1699		
1700		
1705		
1705		
1706		
1709		
1709		
1710		
1711		
1711		
1716		
1717		
1717		
1718		
1720		
1721		
1722		
1723		
1725		
1725		
1725		
1727		
1727		
1727		
1728		
1729		
1729		
1731		
1731		
1732		
1733		
1733		
1734		
1735		
1735		
1736		
1737		
1737		
1737		
1737		
1739		
1739		
1739		
1740		
1741		
1742		
1742		
1745		
1746		
1747		
1748		
1748		
1748		
1749		
1750		
1751		
1755		
1755		
1755		
1756		
1758		
1758		
1759		
1760		
1760		
1762		
1762		
1765		
1766		
1766		
1766		
1766		
1767		
1768		
1768		
1768		
1769		
1770		
1771		
1772		
1773		
1773		
1774		
1775		
1776		
1776		
1776		
1778		
1778		
1779		
1779		
1779		
1780		
1781		
1781		
1782		
1782		
1783		
1784		
1786		
1786		
1789		
1790		
1792		
1793		
1793		
1794		
1795		
1797		
1797		
1798		
1798		
1800		
1801		
1801		
1802		
1804		
1805		
1806		
1806		
1807		
1807		
1808		
1808		
1809		
1810		
1812		
1813		
1813		
1815		
1815		
1816		
1817		
1817		
1822		
1822		
1823		
1824		
1825		
1827		
1828		
1828		
1829		
1832		
1832		
1832		
1835		
1836		
1837		
1837		
1837		
1838		
1840		
1841		
1847		
1848		
1851		
1855		
1856		
1857		
1859		
1859		
1860		
1860		
1861		
1861		
1861		
1861		
1862		
1862		
1863		
1863		
1863		
1863		
1866		
1866		
1867		
1867		
1867		
1868		
1870		
1870		
1871		
1872		
1874		
1875		
1876		
1877		
1881		
1882		
1883		
1883		
1884		
1886		
1886		
1888		
1891		
1891		
1892		
1893		
1893		
1894		
1894		
1895		
1896		
1897		
1897		
1898		
1899		
1903		
1907		
1908		
1908		
1908		
1909		
1910		
1910		
1912		
1912		
1913		
1915		
1915		
1916		
1916		
1917		
1921		
1922		
1922		
1925		
1925		
1925		
1926		
1928		
1928		
1931		
1932		
1932		
1933		
1934		
1935		
1935		
1935		
1935		
1938		
1940		
1941		
1941		
1943		
1943		
1945		
1945		
1947		
1947		
1947		
1948		
1948		
1949		
1950		
1950		
1951		
1952		
1953		
1955		
1955		
1959		
1960		
1962		
1963		
1963		
1963		
1966		
1967		
1967		
1968		
1968		
1970		
1970		
1972		
1973		
1974		
1974		
1974		
1975		
1975		
1976		
1976		
1977		
1978		
1980		
1980		
1982		
1983		
1986		
1986		
1986		
1987		
1988		
1988		
1988		
1990		
1990		
1992		
1993		
1994		
1994		
1996		
1996		
1997		
1997		
1998		
2000		
2003		
2004		
2004		
2005		
2007		
2008		
2008		
2012		
2012		
2013		
2016		
2017		
2020		
2020		
2021		
2024		
2025		
2027		
2027		
2028		
2029		
2031		
2031		
2032		
2035		
2036		
2038		
2040		
2042		
2043		
2044		
2045		
2046		
2046		
2049		
2049		
2049		
2049		
2050		
2053		
2053		
2054		
2055		
2056		
2056		
2057		
2058		
2058		
2059		
2059		
2062		
2063		
2064		
2065		
2065		
2065		
2071		
2073		
2074		
2075		
2075		
2075		
2075		
2077		
2077		
2078		
2079		
2081		
2081		
2082		
2082		
2082		
2084		
2084		
2084		
2086		
2089		
2089		
2090		
2091		
2093		
2093		
2094		
2094		
2094		
2094		
2095		
2095		
2095		
2096		
2098		
2099		
2099		
2100		
2101		
2101		
2101		
2103		
2106		
2106		
2106		
2108		
2109		
2110		
2110		
2110		
2111		
2111		
2112		
2113		
2114		
2115		
2116		
2116		
2117		
2118		
2119		
2119		
2119		
2121		
2121		
2124		
2126		
2127		
2129		
2130		
2131		
2132		
2132		
2133		
2133		
2136		
2136		
2136		
2138		
2139		
2139		
2145		
2145		
2146		
2146		
2146		
2147		
2147		
2148		
2148		
2150		
2150		
2151		
2152		
2152		
2152		
2155		
2156		
2156		
2156		
2158		
2160		
2161		
2162		
2164		
2166		
2168		
2169		
2170		
2170		
2170		
2171		
2172		
2173		
2176		
2179		
2180		
2182		
2182		
2182		
2183		
2187		
2187		
2187		
2188		
2188		
2188		
2190		
2190		
2191		
2192		
2193		
2194		
2194		
2195		
2196		
2198		
2199		
2199		
2201		
2201		
2202		
2204		
2204		
2204		
2205		
2205		
2206		
2206		
2208		
2208		
2209		
2209		
2211		
2211		
2213		
2215		
2215		
2215		
2216		
2217		
2218		
2219		
2219		
2219		
2220		
2224		
2224		
2225		
2225		
2227		
2227		
2228		
2228		
2230		
2232		
2234		
2236		
2237		
2237		
2237		
2240		
2240		
2240		
2242		
2242		
2243		
2244		
2245		
2245		
2246		
2248		
2249		
2250		
2252		
2252		
2252		
2252		
2253		
2254		
2256		
2258		
2258		
2259		
2259		
2260		
2262		
2262		
2262		
2263		
2264		
2265		
2268		
2269		
2269		
2270		
2270		
2273		
2273		
2274		
2275		
2275		
2276		
2276		
2277		
2278		
2279		
2280		
2282		
2285		
2286		
2287		
2288		
2288		
2289		
2289		
2290		
2291		
2293		
2293		
2294		
2295		
2296		
2303		
2304		
2305		
2306		
2306		
2307		
2307		
2308		
2309		
2311		
2312		
2312		
2312		
2315		
2315		
2315		
2315		
2315		
2316		
2316		
2316		
2317		
2319		
2320		
2320		
2320		
2321		
2321		
2323		
2324		
2324		
2325		
2325		
2327		
2328		
2328		
2329		
2329		
2330		
2330		
2330		
2331		
2333		
2333		
2333		
2334		
2334		
2336		
2337		
2339		
2340		
2340		
2342		
2342		
2342		
2345		
2346		
2347		
2347		
2348		
2348		
2349		
2349		
2349		
2351		
2351		
2352		
2355		
2355		
2356		
2357		
2357		
2358		
2359		
2361		
2363		
2365		
2366		
2368		
2369		
2370		
2372		
2372		
2373		
2373		
2374		
2374		
2375		
2376		
2376		
2377		
2382		
2383		
2384		
2384		
2384		
2385		
2385		
2387		
2388		
2389		
2389		
2391		
2391		
2392		
2392		
2392		
2393		
2393		
2394		
2395		
2396		
2397		
2397		
2397		
2399		
2403		
2403		
2403		
2405		
2406		
2407		
2407		
2408		
2415		
2416		
2417		
2417		
2417		
2417		
2418		
2421		
2422		
2423		
2425		
2427		
2427		
2429		
2430		
2433		
2433		
2433		
2435		
2436		
2436		
2437		
2438		
2438		
2439		
2440		
2441		
2442		
2443		
2444		
2446		
2449		
2449		
2450		
2450		
2453		
2454		
2455		
2456		
2456		
2458		
2463		
2464		
2464		
2465		
2466		
2467		
2467		
2467		
2468		
2470		
2471		
2471		
2473		
2473		
2475		
2475		
2476		
2477		
2477		
2478		
2478		
2478		
2481		
2483		
2483		
2485		
2487		
2487		
2493		
2494		
2494		
2494		
2496		
2496		
2497		
2498		
2498		
2498		
2499		
2500		
2500		
2502		
2502		
2502		
2504		
2504		
2504		
2506		
2507		
2508		
2508		
2509		
2511		
2512		
2512		
2513		
2514		
2517		
2517		
2517		
2518		
2519		
2521		
2521		
2522		
2522		
2522		
2524		
2524		
2524		
2525		
2525		
2526		
2527		
2528		
2528		
2529		
2529		
2529		
2531		
2532		
2532		
2532		
2532		
2534		
2535		
2536		
2536		
2537		
2537		
2537		
2539		
2544		
2544		
2546		
2546		
2546		
2547		
2549		
2550		
2550		
2552		
2553		
2556		
2557		
2558		
2560		
2560		
2561		
2561		
2562		
2562		
2562		
2564		
2565		
2566		
2567		
2569		
2569		
2570		
2571		
2572		
2572		
2573		
2573		
2575		
2578		
2579		
2579		
2579		
2579		
2583		
2584		
2584		
2584		
2584		
2585		
2585		
2586		
2587		
2590		
2590		
2591		
2593		
2594		
2596		
2596		
2596		
2599		
2599		
2602		
2602		
2604		
2604		
2605		
2608		
2608		
2610		
2611		
2611		
2613		
2614		
2615		
2615		
2616		
2616		
2618		
2619		
2621		
2622		
2622		
2623		
2627		
2627		
2627		
2628		
2629		
2631		
2633		
2633		
2635		
2635		
2635		
2635		
2636		
2637		
2639		
2639		
2639		
2639		
2640		
2643		
2643		
2644		
2644		
2644		
2646		
2646		
2647		
2647		
2648		
2649		
2651		
2652		
2653		
2654		
2654		
2654		
2658		
2658		
2659		
2660		
2660		
2661		
2662		
2663		
2665		
2665		
2666		
2666		
2666		
2667		
2669		
2669		
2670		
2672		
2673		
2675		
2675		
2677		
2682		
2689		
2689		
2690		
2693		
2693		
2694		
2696		
2697		
2698		
2698		
2703		
2705		
2706		
2712		
2712		
2712		
2713		
2713		
2714		
2714		
2714		
2715		
2716		
2717		
2718		
2718		
2718		
2719		
2721		
2721		
2723		
2724		
2724		
2724		
2725		
2726		
2727		
2728		
2729		
2729		
2730		
2730		
2734		
2734		
2734		
2735		
2735		
2735		
2735		
2736		
2736		
2738		
2738		
2739		
2739		
2739		
2740		
2740		
2742		
2742		
2743		
2743		
2744		
2745		
2747		
2747		
2747		
2748		
2749		
2750		
2750		
2750		
2751		
2752		
2752		
2753		
2753		
2755		
2755		
2756		
2756		
2757		
2759		
2759		
2761		
2762		
2763		
2764		
2765		
2765		
2766		
2766		
2768		
2768		
2774		
2774		
2775		
2776		
2777		
2778		
2778		
2782		
2783		
2785		
2786		
2786		
2786		
2788		
2790		
2792		
2793		
2793		
2799		
2800		
2800		
2801		
2803		
2803		
2803		
2805		
2806		
2806		
2808		
2808		
2811		
2813		
2815		
2818		
2818		
2818		
2818		
2819		
2820		
2821		
2822		
2823		
2823		
2824		
2825		
2825		
2828		
2828		
2829		
2829		
2829		
2830		
2831		
2832		
2833		
2835		
2835		
2839		
2840		
2846		
2847		
2848		
2849		
2853		
2854		
2855		
2855		
2855		
2856		
2858		
2858		
2858		
2859		
2859		
2862		
2863		
2864		
2864		
2865		
2865		
2866		
2866		
2866		
2867		
2867		
2870		
2870		
2871		
2871		
2872		
2873		
2876		
2877		
2877		
2877		
2877		
2878		
2881		
2883		
2884		
2884		
2884		
2884		
2887		
2888		
2889		
2891		
2891		
2891		
2892		
2894		
2895		
2895		
2895		
2896		
2897		
2898		
2899		
2900		
2901		
2904		
2904		
2905		
2908		
2909		
2909		
2910		
2911		
2911		
2912		
2913		
2915		
2915		
2917		
2917		
2917		
2918		
2918		
2918		
2918		
2919		
2922		
2922		
2923		
2923		
2926		
2927		
2928		
2929		
2929		
2931		
2931		
2931		
2931		
2933		
2933		
2934		
2935		
2936		
2936		
2939		
2940		
2941		
2943		
2943		
2944		
2945		
2948		
2948		
2948		
2950		
2951		
2954		
2954		
2955		
2956		
2958		
2962		
2964		
2966		
2967		
2967		
2968		
2969		
2969		
2969		
2969		
2970		
2971		
2972		
2973		
2974		
2974		
2975		
2975		
2977		
2978		
2978		
2979		
2979		
2981		
2982		
2982		
2983		
2983		
2984		
2984		
2986		
2986		
2986		
2987		
2988		
2988		
2988		
2989		
2989		
2990		
2991		
2992		
2992		
2992		
2994		
2995		
2995		
2996		
2997		
2997		
2998		
2999		
2999		
2999		
3000		
3000		
3001		
3002		
3005		
3005		
3006		
3009		
3011		
3012		
3013		
3015		
3015		
3016		
3016		
3018		
3020		
3021		
3024		
3026		
3027		
3028		
3029		
3030		
3030		
3031		
3031		
3032		
3032		
3032		
3033		
3033		
3033		
3034		
3036		
3039		
3042		
3043		
3044		
3044		
3047		
3048		
3049		
3050		
3050		
3051		
3051		
3052		
3052		
3053		
3053		
3054		
3055		
3055		
3058		
3059		
3059		
3060		
3066		
3066		
3067		
3068		
3069		
3070		
3072		
3073		
3073		
3074		
3078		
3078		
3080		
3081		
3081		
3081		
3085		
3086		
3086		
3086		
3088		
3089		
3091		
3092		
3092		
3094		
3095		
3099		
3099		
3100		
3102		
3103		
3104		
3104		
3104		
3105		
3107		
3108		
3108		
3112		
3112		
3114		
3115		
3115		
3117		
3118		
3118		
3119		
3119		
3120		
3121		
3122		
3124		
3124		
3125		
3127		
3129		
3129		
3133		
3133		
3134		
3135		
3135		
3137		
3138		
3139		
3139		
3140		
3143		
3143		
3144		
3145		
3146		
3149		
3150		
3151		
3153		
3155		
3157		
3157		
3159		
3160		
3160		
3161		
3162		
3162		
3162		
3163		
3164		
3164		
3165		
3166		
3167		
3171		
3173		
3174		
3174		
3175		
3176		
3176		
3176		
3177		
3178		
3179		
3180		
3181		
3182		
3182		
3182		
3182		
3187		
3187		
3189		
3191		
3195		
3196		
3197		
3198		
3199		
3200		
3201		
3202		
3204		
3205		
3205		
3207		
3207		
3208		
3208		
3208		
3212		
3215		
3216		
3217		
3220		
3221		
3221		
3222		
3223		
3225		
3225		
3226		
3226		
3230		
3231		
3231		
3231		
3233		
3234		
3234		
3235		
3236		
3236		
3237		
3238		
3238		
3239		
3240		
3240		
3244		
3247		
3248		
3253		
3254		
3255		
3256		
3257		
3258		
3258		
3259		
3259		
3260		
3260		
3261		
3261		
3261		
3266		
3267		
3269		
3271		
3271		
3271		
3272		
3274		
3277		
3277		
3277		
3277		
3278		
3279		
3281		
3282		
3284		
3284		
3285		
3287		
3287		
3287		
3287		
3288		
3289		
3289		
3290		
3290		
3290		
3291		
3293		
3293		
3293		
3294		
3297		
3299		
3299		
3300		
3300		
3301		
3302		
3303		
3304		
3306		
3308		
3310		
3316		
3317		
3317		
3318		
3319		
3319		
3320		
3324		
3325		
3325		
3325		
3325		
3326		
3326		
3328		
3328		
3330		
3331		
3332		
3333		
3334		
3335		
3335		
3335		
3335		
3335		
3336		
3336		
3337		
3337		
3337		
3338		
3338		
3340		
3342		
3344		
3347		
3351		
3352		
3352		
3353		
3353		
3354		
3354		
3358		
3362		
3364		
3364		
3365		
3365		
3366		
3366		
3366		
3367		
3367		
3368		
3368		
3371		
3371		
3372		
3374		
3374		
3375		
3380		
3380		
3381		
3381		
3382		
3383		
3384		
3386		
3386		
3388		
3388		
3388		
3391		
3392		
3393		
3396		
3398		
3398		
3399		
3399		
3400		
3402		
3403		
3403		
3405		
3406		
3406		
3410		
3410		
3412		
3412		
3412		
3412		
3413		
3414		
3416		
3417		
3418		
3419		
3420		
3424		
3424		
3424		
3424		
3425		
3426		
3426		
3426		
3427		
3428		
3428		
3433		
3435		
3435		
3435		
3435		
3436		
3437		
3439		
3440		
3440		
3440		
3443		
3443		
3443		
3447		
3448		
3448		
3448		
3449		
3450		
3450		
3450		
3452		
3453		
3454		
3454		
3456		
3457		
3461		
3466		
3467		
3467		
3469		
3469		
3469		
3469		
3469		
3471		
3472		
3472		
3473		
3474		
3476		
3476		
3476		
3477		
3478		
3478		
3479		
3479		
3480		
3480		
3481		
3483		
3484		
3485		
3486		
3486		
3487		
3490		
3491		
3493		
3494		
3494		
3494		
3496		
3499		
3499		
3502		
3502		
3508		
3508		
3511		
3512		
3513		
3516		
3517		
3518		
3518		
3518		
3521		
3521		
3521		
3523		
3524		
3524		
3524		
3525		
3527		
3528		
3528		
3529		
3529		
3530		
3531		
3533		
3534		
3536		
3536		
3537		
3537		
3537		
3538		
3538		
3538		
3540		
3540		
3540		
3541		
3541		
3541		
3542		
3544		
3545		
3546		
3548		
3549		
3550		
3551		
3552		
3552		
3553		
3554		
3556		
3557		
3557		
3558		
3558		
3559		
3559		
3560		
3560		
3563		
3564		
3566		
3566		
3568		
3570		
3570		
3570		
3571		
3572		
3575		
3575		
3575		
3576		
3577		
3578		
3579		
3581		
3581		
3581		
3582		
3582		
3582		
3583		
3584		
3584		
3585		
3587		
3590		
3590		
3592		
3595		
3596		
3596		
3597		
3597		
3598		
3598		
3598		
3599		
3599		
3600		
3603		
3603		
3606		
3606		
3606		
3608		
3609		
3610		
3610		
3611		
3612		
3613		
3618		
3619		
3620		
3620		
3621		
3621		
3621		
3623		
3623		
3623		
3624		
3624		
3625		
3625		
3625		
3626		
3627		
3627		
3628		
3628		
3628		
3630		
3630		
3633		
3634		
3634		
3634		
3634		
3634		
3635		
3635		
3636		
3636		
3637		
3637		
3638		
3639		
3642		
3642		
3643		
3643		
3644		
3646		
3646		
3648		
3649		
3650		
3651		
3653		
3654		
3657		
3657		
3658		
3659		
3659		
3660		
3661		
3661		
3661		
3661		
3663		
3664		
3664		
3666		
3666		
3667		
3667		
3668		
3669		
3673		
3674		
3675		
3675		
3676		
3676		
3676		
3677		
3678		
3681		
3682		
3682		
3685		
3685		
3687		
3689		
3689		
3690		
3690		
3691		
3691		
3692		
3694		
3694		
3694		
3695		
3695		
3697		
3697		
3698		
3699		
3699		
3701		
3702		
3706		
3706		
3706		
3708		
3708		
3711		
3712		
3713		
3714		
3716		
3718		
3718		
3719		
3719		
3723		
3723		
3723		
3724		
3724		
3724		
3724		
3726		
3726		
3727		
3728		
3731		
3732		
3732		
3732		
3735		
3737		
3739		
3740		
3740		
3741		
3744		
3745		
3747		
3749		
3749		
3750		
3751		
3751		
3751		
3751		
3751		
3753		
3753		
3754		
3756		
3757		
3757		
3758		
3761		
3762		
3763		
3763		
3763		
3763		
3764		
3766		
3767		
3768		
3768		
3769		
3769		
3770		
3771		
3772		
3772		
3773		
3773		
3774		
3775		
3777		
3777		
3777		
3778		
3778		
3779		
3783		
3783		
3785		
3786		
3787		
3788		
3788		
3788		
3790		
3790		
3791		
3791		
3794		
3795		
3796		
3796		
3797		
3798		
3798		
3798		
3801		
3801		
3802		
3804		
3804		
3805		
3807		
3808		
3810		
3811		
3813		
3813		
3813		
3815		
3815		
3817		
3818		
3818		
3819		
3819		
3820		
3820		
3821		
3821		
3823		
3824		
3830		
3830		
3831		
3831		
3832		
3834		
3834		
3835		
3836		
3837		
3838		
3840		
3840		
3842		
3843		
3844		
3844		
3846		
3846		
3847		
3848		
3849		
3850		
3850		
3851		
3852		
3852		
3854		
3855		
3855		
3855		
3857		
3859		
3863		
3863		
3865		
3867		
3870		
3873		
3873		
3873		
3875		
3877		
3878		
3880		
3880		
3880		
3881		
3881		
3881		
3882		
3883		
3883		
3883		
3884		
3886		
3886		
3888		
3891		
3891		
3891		
3892		
3893		
3896		
3896		
3897		
3900		
3900		
3900		
3901		
3901		
3902		
3902		
3903		
3905		
3907		
3909		
3910		
3911		
3912		
3912		
3913		
3913		
3913		
3915		
3916		
3917		
3918		
3924		
3928		
3928		
3931		
3931		
3933		
3934		
3936		
3936		
3937		
3937		
3937		
3938		
3938		
3939		
3940		
3941		
3942		
3943		
3943		
3945		
3946		
3946		
3947		
3948		
3950		
3951		
3952		
3952		
3955		
3956		
3957		
3957		
3957		
3961		
3961		
3962		
3962		
3965		
3967		
3967		
3967		
3968		
3969		
3969		
3970		
3971		
3972		
3973		
3979		
3980		
3981		
3982		
3982		
3984		
3984		
3985		
3986		
3986		
3987		
3989		
3989		
3990		
3990		
3991		
3993		
3995		
3996		
3997		
3998		
3999		
4003		
4004		
4004		
4005		
4006		
4007		
4009		
4010		
4014		
4015		
4015		
4016		
4019		
4020		
4022		
4022		
4022		
4023		
4025		
4025		
4025		
4029		
4031		
4032		
4033		
4033		
4035		
4035		
4036		
4036		
4037		
4037		
4039		
4039		
4039		
4040		
4043		
4043		
4044		
4046		
4049		
4049		
4050		
4051		
4052		
4052		
4054		
4054		
4055		
4056		
4056		
4058		
4058		
4059		
4060		
4063		
4065		
4067		
4068		
4068		
4068		
4069		
4069		
4070		
4072		
4075		
4075		
4076		
4077		
4078		
4078		
4080		
4082		
4082		
4086		
4087		
4087		
4088		
4089		
4089		
4090		
4091		
4092		
4092		
4093		
4094		
4098		
4101		
4102		
4103		
4103		
4106		
4106		
4108		
4109		
4112		
4113		
4114		
4115		
4118		
4118		
4120		
4120		
4120		
4121		
4121		
4122		
4123		
4123		
4124		
4124		
4125		
4126		
4128		
4128		
4134		
4135		
4137		
4137		
4137		
4137		
4138		
4138		
4138		
4138		
4140		
4141		
4142		
4142		
4143		
4144		
4145		
4145		
4146		
4148		
4152		
4155		
4156		
4156		
4159		
4159		
4161		
4162		
4164		
4164		
4164		
4166		
4166		
4167		
4168		
4168		
4169		
4170		
4170		
4171		
4173		
4174		
4175		
4175		
4175		
4176		
4178		
4179		
4179		
4180		
4181		
4183		
4185		
4187		
4189		
4190		
4190		
4190		
4190		
4191		
4193		
4195		
4195		
4195		
4198		
4199		
4199		
4199		
4200		
4200		
4201		
4201		
4201		
4203		
4204		
4204		
4207		
4207		
4208		
4209		
4212		
4212		
4212		
4213		
4214		
4215		
4216		
4217		
4218		
4218		
4218		
4218		
4221		
4221		
4221		
4222		
4224		
4226		
4227		
4228		
4229		
4231		
4233		
4234		
4236		
4236		
4236		
4239		
4240		
4242		
4242		
4245		
4245		
4245		
4246		
4246		
4247		
4248		
4248		
4249		
4249		
4250		
4252		
4252		
4252		
4255		
4255		
4255		
4257		
4259		
4260		
4261		
4262		
4262		
4263		
4263		
4263		
4263		
4265		
4265		
4265		
4266		
4266		
4269		
4270		
4271		
4271		
4272		
4272		
4273		
4274		
4277		
4278		
4278		
4279		
4279		
4279		
4280		
4280		
4280		
4282		
4282		
4283		
4284		
4285		
4286		
4287		
4289		
4289		
4289		
4289		
4291		
4291		
4293		
4295		
4296		
4297		
4297		
4297		
4298		
4299		
4299		
4300		
4300		
4301		
4301		
4304		
4305		
4305		
4305		
4305		
4305		
4306		
4306		
4306		
4306		
4308		
4310		
4310		
4311		
4312		
4313		
4314		
4314		
4314		
4315		
4315		
4315		
4318		
4319		
4322		
4323		
4323		
4324		
4327		
4328		
4328		
4329		
4329		
4329		
4330		
4330		
4332		
4332		
4332		
4334		
4335		
4336		
4336		
4336		
4337		
4340		
4340		
4341		
4341		
4342		
4343		
4344		
4345		
4347		
4347		
4348		
4350		
4350		
4356		
4356		
4357		
4358		
4359		
4361		
4361		
4363		
4366		
4367		
4367		
4368		
4368		
4369		
4371		
4372		
4373		
4377		
4377		
4377		
4378		
4378		
4379		
4379		
4379		
4380		
4380		
4380		
4380		
4381		
4383		
4383		
4384		
4385		
4387		
4387		
4387		
4390		
4390		
4391		
4392		
4392		
4394		
4395		
4396		
4396		
4396		
4399		
4400		
4402		
4403		
4403		
4406		
4406		
4407		
4408		
4409		
4410		
4410		
4413		
4413		
4417		
4419		
4419		
4420		
4424		
4425		
4426		
4426		
4427		
4429		
4429		
4429		
4430		
4432		
4432		
4432		
4433		
4433		
4433		
4434		
4434		
4435		
4435		
4436		
4436		
4437		
4437		
4437		
4438		
4439		
4441		
4442		
4442		
4442		
4444		
4444		
4445		
4445		
4447		
4448		
4448		
4451		
4454		
4454		
4456		
4456		
4458		
4459		
4461		
4462		
4463		
4463		
4464		
4466		
4468		
4469		
4470		
4471		
4471		
4474		
4479		
4481		
4483		
4483		
4487		
4488		
4489		
4489		
4490		
4491		
4492		
4492		
4492		
4493		
4493		
4497		
4497		
4497		
4498		
4500		
4501		
4502		
4503		
4503		
4504		
4505		
4505		
4505		
4506		
4506		
4510		
4511		
4512		
4512		
4513		
4513		
4514		
4515		
4517		
4518		
4519		
4524		
4524		
4525		
4526		
4526		
4527		
4527		
4528		
4529		
4529		
4530		
4531		
4532		
4534		
4534		
4536		
4538		
4539		
4539		
4539		
4540		
4541		
4543		
4543		
4544		
4545		
4547		
4547		
4548		
4549		
4549		
4551		
4552		
4553		
4556		
4557		
4557		
4557		
4559		
4561		
4561		
4565		
4565		
4567		
4568		
4568		
4568		
4569		
4569		
4571		
4571		
4573		
4574		
4574		
4576		
4576		
4576		
4577		
4578		
4579		
4579		
4583		
4583		
4584		
4584		
4584		
4588		
4588		
4594		
4594		
4595		
4595		
4597		
4600		
4600		
4601		
4602		
4602		
4603		
4604		
4604		
4605		
4605		
4607		
4607		
4608		
4608		
4610		
4611		
4613		
4613		
4613		
4614		
4614		
4614		
4617		
4618		
4619		
4620		
4620		
4622		
4624		
4625		
4625		
4625		
4627		
4628		
4631		
4631		
4632		
4632		
4634		
4635		
4636		
4636		
4638		
4638		
4639		
4639		
4639		
4640		
4644		
4645		
4645		
4645		
4645		
4645		
4646		
4648		
4648		
4648		
4650		
4650		
4650		
4651		
4654		
4655		
4657		
4657		
4659		
4662		
4666		
4668		
4668		
4669		
4670		
4671		
4671		
4671		
4671		
4672		
4673		
4673		
4675		
4677		
4681		
4681		
4681		
4682		
4683		
4685		
4686		
4686		
4687		
4688		
4689		
4690		
4690		
4691		
4691		
4692		
4693		
4694		
4695		
4697		
4698		
4700		
4701		
4702		
4704		
4704		
4704		
4705		
4705		
4706		
4707		
4707		
4709		
4710		
4711		
4711		
4712		
4713		
4713		
4714		
4715		
4715		
4717		
4719		
4719		
4720		
4720		
4720		
4720		
4722		
4723		
4723		
4726		
4728		
4730		
4730		
4731		
4733		
4733		
4734		
4736		
4736		
4738		
4740		
4741		
4742		
4743		
4743		
4744		
4745		
4745		
4746		
4746		
4747		
4748		
4749		
4749		
4752		
4754		
4755		
4755		
4755		
4756		
4758		
4759		
4760		
4761		
4762		
4763		
4763		
4764		
4766		
4766		
4767		
4768		
4768		
4769		
4769		
4770		
4771		
4772		
4773		
4773		
4773		
4775		
4776		
4777		
4777		
4777		
4783		
4784		
4785		
4787		
4788		
4789		
4790		
4791		
4792		
4792		
4794		
4794		
4795		
4795		
4798		
4798		
4799		
4800		
4802		
4802		
4803		
4803		
4803		
4803		
4804		
4804		
4807		
4808		
4808		
4809		
4809		
4811		
4815		
4815		
4817		
4817		
4820		
4821		
4822		
4823		
4823		
4826		
4827		
4828		
4830		
4834		
4834		
4836		
4836		
4836		
4836		
4838		
4838		
4839		
4840		
4840		
4842		
4843		
4843		
4844		
4844		
4845		
4845		
4846		
4846		
4847		
4847		
4848		
4851		
4852		
4852		
4854		
4854		
4856		
4857		
4859		
4860		
4861		
4861		
4861		
4861		
4862		
4862		
4864		
4865		
4866		
4866		
4868		
4868		
4868		
4869		
4871		
4871		
4871		
4875		
4876		
4876		
4877		
4877		
4879		
4880		
4881		
4883		
4885		
4886		
4887		
4888		
4896		
4897		
4897		
4898		
4900		
4901		
4902		
4903		
4903		
4903		
4904		
4905		
4907		
4908		
4909		
4909		
4909		
4909		
4909		
4910		
4912		
4912		
4913		
4914		
4914		
4914		
4916		
4918		
4920		
4920		
4920		
4921		
4922		
4922		
4922		
4923		
4923		
4923		
4924		
4926		
4926		
4927		
4927		
4929		
4930		
4931		
4932		
4933		
4933		
4935		
4936		
4937		
4938		
4940		
4940		
4941		
4942		
4943		
4943		
4944		
4944		
4944		
4944		
4946		
4947		
4947		
4947		
4950		
4952		
4952		
4953		
4953		
4954		
4957		
4958		
4959		
4959		
4960		
4960		
4961		
4962		
4964		
4965		
4965		
4966		
4966		
4967		
4968		
4969		
4970		
4971		
4971		
4971		
4972		
4972		
4973		
4978		
4978		
4979		
4980		
4980		
4980		
4983		
4983		
4985		
4987		
4989		
4989		
4989		
4990		
4990		
4992		
4992		
4994		
4996		
4997		
5006		
5007		
5008		
5008		
5008		
5010		
5011		
5011		
5015		
5016		
5018		
5020		
5020		
5021		
5022		
5023		
5023		
5023		
5024		
5025		
5025		
5026		
5026		
5026		
5027		
5027		
5029		
5029		
5030		
5030		
5031		
5031		
5032		
5033		
5033		
5033		
5035		
5035		
5041		
5041		
5042		
5043		
5044		
5045		
5045		
5045		
5045		
5046		
5049		
5053		
5054		
5054		
5055		
5056		
5057		
5057		
5057		
5059		
5061		
5062		
5063		
5063		
5066		
5067		
5069		
5070		
5071		
5071		
5073		
5073		
5073		
5074		
5075		
5078		
5079		
5079		
5079		
5080		
5080		
5081		
5081		
5081		
5082		
5083		
5084		
5085		
5086		
5086		
5088		
5088		
5088		
5088		
5090		
5091		
5092		
5092		
5093		
5094		
5096		
5098		
5100		
5104		
5104		
5105		
5106		
5106		
5107		
5109		
5111		
5113		
5114		
5115		
5115		
5117		
5118		
5118		
5118		
5118		
5119		
5120		
5120		
5122		
5122		
5124		
5124		
5125		
5126		
5127		
5131		
5133		
5133		
5133		
5134		
5135		
5136		
5138		
5139		
5140		
5140		
5141		
5143		
5143		
5144		
5146		
5146		
5146		
5149		
5150		
5152		
5152		
5153		
5153		
5156		
5157		
5158		
5166		
5169		
5170		
5171		
5171		
5173		
5173		
5175		
5175		
5178		
5181		
5182		
5184		
5184		
5185		
5186		
5190		
5190		
5191		
5191		
5191		
5192		
5192		
5193		
5193		
5195		
5195		
5197		
5197		
5197		
5198		
5198		
5198		
5198		
5199		
5201		
5202		
5202		
5202		
5204		
5204		
5204		
5204		
5209		
5211		
5212		
5213		
5214		
5214		
5215		
5215		
5216		
5216		
5217		
5217		
5217		
5218		
5220		
5222		
5222		
5223		
5224		
5226		
5227		
5229		
5230		
5233		
5235		
5235		
5236		
5236		
5239		
5241		
5241		
5241		
5242		
5242		
5244		
5245		
5245		
5247		
5249		
5249		
5249		
5252		
5253		
5254		
5255		
5258		
5260		
5261		
5265		
5265		
5265		
5266		
5268		
5270		
5271		
5271		
5272		
5272		
5273		
5274		
5274		
5275		
5276		
5276		
5277		
5277		
5278		
5278		
5278		
5279		
5280		
5281		
5282		
5283		
5285		
5286		
5286		
5287		
5287		
5288		
5289		
5289		
5291		
5291		
5291		
5291		
5292		
5292		
5293		
5293		
5293		
5294		
5294		
5296		
5297		
5299		
5299		
5300		
5300		
5300		
5301		
5303		
5304		
5304		
5305		
5305		
5305		
5305		
5307		
5309		
5310		
5311		
5312		
5315		
5316		
5316		
5317		
5317		
5317		
5320		
5320		
5322		
5322		
5323		
5324		
5324		
5325		
5326		
5326		
5326		
5329		
5330		
5332		
5333		
5334		
5335		
5336		
5336		
5336		
5337		
5338		
5341		
5342		
5343		
5343		
5345		
5346		
5347		
5347		
5349		
5349		
5350		
5353		
5353		
5353		
5354		
5356		
5357		
5358		
5358		
5360		
5361		
5361		
5362		
5364		
5365		
5365		
5368		
5373		
5373		
5373		
5374		
5374		
5375		
5380		
5381		
5385		
5385		
5385		
5385		
5386		
5387		
5388		
5389		
5390		
5392		
5392		
5394		
5395		
5397		
5397		
5400		
5402		
5402		
5408		
5409		
5409		
5410		
5410		
5410		
5410		
5410		
5410		
5410		
5411		
5412		
5412		
5413		
5413		
5414		
5417		
5420		
5421		
5421		
5422		
5423		
5423		
5424		
5426		
5427		
5427		
5429		
5432		
5433		
5433		
5434		
5435		
5436		
5436		
5439		
5442		
5443		
5443		
5444		
5446		
5446		
5446		
5446		
5450		
5451		
5451		
5451		
5453		
5454		
5455		
5456		
5457		
5457		
5458		
5459		
5460		
5461		
5462		
5462		
5463		
5464		
5464		
5466		
5466		
5467		
5468		
5469		
5469		
5472		
5474		
5476		
5477		
5480		
5480		
5482		
5482		
5485		
5486		
5487		
5490		
5491		
5491		
5491		
5491		
5491		
5494		
5494		
5494		
5494		
5495		
5496		
5496		
5501		
5501		
5501		
5503		
5506		
5506		
5508		
5509		
5510		
5511		
5512		
5513		
5514		
5515		
5516		
5517		
5518		
5519		
5519		
5521		
5522		
5522		
5524		
5526		
5526		
5526		
5527		
5528		
5528		
5529		
5529		
5529		
5529		
5530		
5530		
5532		
5533		
5534		
5538		
5541		
5543		
5545		
5547		
5548		
5549		
5552		
5552		
5554		
5555		
5556		
5558		
5559		
5560		
5560		
5562		
5562		
5562		
5564		
5567		
5570		
5576		
5577		
5577		
5579		
5582		
5582		
5585		
5586		
5586		
5586		
5588		
5588		
5589		
5591		
5592		
5594		
5595		
5595		
5595		
5596		
5598		
5600		
5600		
5601		
5601		
5602		
5602		
5602		
5603		
5604		
5604		
5604		
5608		
5608		
5608		
5610		
5612		
5615		
5615		
5616		
5617		
5617		
5618		
5620		
5621		
5622		
5622		
5623		
5623		
5625		
5626		
5627		
5629		
5630		
5630		
5630		
5632		
5633		
5634		
5637		
5637		
5639		
5641		
5642		
5645		
5645		
5647		
5654		
5654		
5655		
5656		
5657		
5658		
5659		
5659		
5660		
5661		
5662		
5663		
5667		
5667		
5669		
5669		
5673		
5673		
5674		
5677		
5677		
5679		
5680		
5681		
5681		
5683		
5684		
5686		
5686		
5687		
5690		
5692		
5692		
5694		
5695		
5697		
5700		
5700		
5701		
5701		
5702		
5702		
5702		
5704		
5705		
5705		
5710		
5711		
5711		
5712		
5712		
5713		
5713		
5714		
5714		
5714		
5718		
5718		
5718		
5719		
5719		
5719		
5721		
5722		
5725		
5726		
5726		
5728		
5728		
5729		
5729		
5731		
5732		
5732		
5735		
5736		
5736		
5737		
5737		
5740		
5741		
5741		
5742		
5742		
5743		
5745		
5749		
5751		
5754		
5755		
5755		
5756		
5756		
5757		
5758		
5758		
5759		
5759		
5760		
5762		
5763		
5765		
5767		
5767		
5768		
5770		
5772		
5773		
5774		
5774		
5776		
5778		
5778		
5779		
5780		
5781		
5781		
5782		
5783		
5783		
5784		
5784		
5786		
5787		
5791		
5791		
5794		
5795		
5797		
5797		
5798		
5801		
5802		
5804		
5805		
5805		
5806		
5807		
5807		
5808		
5809		
5810		
5811		
5812		
5813		
5814		
5815		
5815		
5815		
5816		
5817		
5817		
5818		
5818		
5819		
5819		
5819		
5820		
5820		
5820		
5821		
5821		
5822		
5822		
5823		
5824		
5824		
5825		
5826		
5827		
5829		
5829		
5830		
5831		
5831		
5833		
5833		
5833		
5834		
5834		
5835		
5835		
5838		
5838		
5840		
5841		
5841		
5842		
5843		
5844		
5844		
5844		
5845		
5847		
5848		
5848		
5851		
5851		
5854		
5856		
5857		
5859		
5861		
5861		
5863		
5864		
5866		
5868		
5868		
5870		
5870		
5870		
5870		
5870		
5871		
5872		
5874		
5875		
5876		
5878		
5879		
5879		
5880		
5880		
5881		
5881		
5881		
5882		
5884		
5887		
5887		
5887		
5888		
5888		
5890		
5891		
5895		
5896		
5896		
5896		
5897		
5897		
5898		
5900		
5902		
5903		
5905		
5905		
5907		
5908		
5908		
5910		
5910		
5914		
5915		
5915		
5916		
5917		
5917		
5919		
5920		
5923		
5923		
5925		
5925		
5925		
5926		
5929		
5929		
5930		
5931		
5932		
5933		
5933		
5934		
5934		
5935		
5936		
5936		
5937		
5939		
5940		
5940		
5941		
5942		
5943		
5944		
5946		
5946		
5947		
5947		
5948		
5948		
5948		
5948		
5950		
5950		
5950		
5951		
5951		
5953		
5954		
5954		
5958		
5961		
5961		
5961		
5962		
5962		
5963		
5968		
5969		
5970		
5970		
5971		
5972		
5973		
5973		
5973		
5974		
5974		
5976		
5977		
5977		
5981		
5981		
5983		
5985		
5986		
5987		
5988		
5989		
5991		
5991		
5991		
5992		
5993		
5994		
5994		
5995		
5995		
5996		
5998		
5999		
6003		
6004		
6005		
6005		
6006		
6006		
6007		
6010		
6010		
6010		
6015		
6015		
6015		
6018		
6019		
6019		
6019		
6020		
6021		
6021		
6021		
6021		
6021		
6023		
6024		
6025		
6025		
6026		
6026		
6027		
6030		
6030		
6032		
6032		
6032		
6032		
6035		
6036		
6036		
6036		
6038		
6039		
6040		
6040		
6040		
6041		
6042		
6042		
6043		
6048		
6049		
6050		
6051		
6052		
6053		
6054		
6056		
6058		
6058		
6059		
6059		
6060		
6060		
6060		
6061		
6061		
6062		
6065		
6066		
6066		
6067		
6067		
6067		
6067		
6068		
6069		
6069		
6071		
6072		
6073		
6073		
6073		
6074		
6076		
6076		
6077		
6077		
6077		
6078		
6079		
6079		
6079		
6080		
6080		
6081		
6082		
6082		
6084		
6086		
6086		
6087		
6087		
6087		
6089		
6090		
6098		
6099		
6100		
6100		
6100		
6101		
6101		
6101		
6102		
6103		
6105		
6105		
6105		
6105		
6106		
6106		
6106		
6106		
6107		
6107		
6111		
6111		
6111		
6112		
6112		
6114		
6114		
6115		
6115		
6115		
6117		
6117		
6118		
6118		
6119		
6119		
6120		
6122		
6123		
6123		
6125		
6125		
6126		
6127		
6128		
6129		
6129		
6129		
6130		
6130		
6131		
6131		
6133		
6133		
6136		
6137		
6138		
6139		
6140		
6140		
6140		
6140		
6141		
6142		
6144		
6145		
6146		
6146		
6146		
6146		
6146		
6148		
6150		
6150		
6150		
6150		
6151		
6152		
6154		
6154		
6156		
6156		
6157		
6157		
6158		
6160		
6162		
6163		
6163		
6165		
6165		
6165		
6166		
6166		
6166		
6166		
6167		
6167		
6167		
6168		
6169		
6169		
6169		
6170		
6170		
6170		
6171		
6172		
6172		
6173		
6174		
6175		
6176		
6176		
6176		
6178		
6180		
6180		
6181		
6181		
6183		
6183		
6184		
6185		
6186		
6186		
6187		
6192		
6192		
6193		
6197		
6197		
6197		
6198		
6199		
6199		
6200		
6200		
6201		
6201		
6201		
6201		
6201		
6203		
6204		
6204		
6204		
6205		
6206		
6207		
6207		
6209		
6209		
6209		
6209		
6210		
6210		
6210		
6211		
6211		
6211		
6213		
6215		
6217		
6219		
6221		
6222		
6225		
6225		
6225		
6226		
6227		
6228		
6229		
6230		
6230		
6231		
6231		
6232		
6237		
6238		
6240		
6240		
6242		
6242		
6243		
6243		
6244		
6245		
6251		
6252		
6253		
6253		
6253		
6254		
6255		
6255		
6255		
6256		
6256		
6257		
6257		
6258		
6260		
6260		
6261		
6261		
6262		
6262		
6263		
6263		
6265		
6266		
6266		
6267		
6267		
6268		
6268		
6269		
6270		
6272		
6272		
6272		
6273		
6273		
6274		
6275		
6276		
6280		
6280		
6280		
6281		
6281		
6282		
6282		
6282		
6282		
6283		
6283		
6284		
6285		
6288		
6288		
6290		
6292		
6293		
6293		
6295		
6295		
6295		
6298		
6300		
6301		
6301		
6307		
6309		
6310		
6310		
6310		
6312		
6313		
6315		
6316		
6317		
6318		
6320		
6320		
6320		
6321		
6321		
6324		
6326		
6329		
6332		
6332		
6332		
6333		
6333		
6336		
6336		
6339		
6339		
6340		
6340		
6341		
6342		
6342		
6343		
6344		
6344		
6344		
6347		
6347		
6347		
6347		
6348		
6348		
6349		
6350		
6350		
6350		
6350		
6352		
6352		
6354		
6354		
6356		
6356		
6356		
6356		
6360		
6360		
6363		
6364		
6364		
6365		
6366		
6366		
6370		
6371		
6372		
6372		
6373		
6374		
6378		
6378		
6378		
6380		
6381		
6382		
6384		
6384		
6384		
6385		
6386		
6387		
6388		
6390		
6392		
6393		
6393		
6395		
6399		
6400		
6400		
6401		
6402		
6402		
6403		
6403		
6403		
6404		
6404		
6405		
6406		
6406		
6407		
6407		
6408		
6409		
6410		
6410		
6413		
6415		
6416		
6417		
6417		
6418		
6418		
6419		
6421		
6422		
6422		
6423		
6423		
6425		
6426		
6426		
6430		
6433		
6434		
6435		
6436		
6436		
6438		
6439		
6439		
6439		
6439		
6440		
6442		
6444		
6446		
6447		
6447		
6448		
6449		
6449		
6449		
6451		
6452		
6453		
6453		
6456		
6456		
6458		
6459		
6462		
6464		
6467		
6467		
6472		
6472		
6472		
6475		
6478		
6478		
6479		
6479		
6480		
6481		
6481		
6481		
6482		
6482		
6482		
6483		
6483		
6484		
6486		
6487		
6489		
6491		
6491		
6492		
6493		
6493		
6494		
6494		
6497		
6497		
6498		
6498		
6499		
6500		
6500		
6501		
6503		
6503		
6504		
6506		
6507		
6508		
6509		
6509		
6509		
6511		
6511		
6512		
6512		
6514		
6515		
6516		
6517		
6517		
6518		
6518		
6518		
6519		
6521		
6523		
6523		
6526		
6526		
6529		
6532		
6532		
6536		
6536		
6537		
6537		
6538		
6539		
6539		
6539		
6542		
6543		
6544		
6545		
6545		
6545		
6546		
6548		
6548		
6549		
6550		
6550		
6551		
6552		
6552		
6553		
6553		
6554		
6554		
6554		
6556		
6556		
6556		
6557		
6558		
6558		
6559		
6559		
6561		
6561		
6561		
6562		
6563		
6563		
6565		
6566		
6566		
6566		
6567		
6570		
6571		
6571		
6575		
6575		
6576		
6578		
6580		
6584		
6584		
6585		
6587		
6588		
6593		
6593		
6594		
6594		
6596		
6596		
6596		
6598		
6600		
6603		
6603		
6604		
6604		
6606		
6606		
6608		
6608		
6610		
6611		
6614		
6615		
6616		
6617		
6618		
6618		
6619		
6619		
6619		
6619		
6620		
6622		
6626		
6626		
6627		
6627		
6632		
6633		
6633		
6634		
6636		
6637		
6637		
6638		
6638		
6640		
6641		
6641		
6642		
6642		
6643		
6644		
6645		
6645		
6646		
6647		
6647		
6648		
6648		
6649		
6650		
6651		
6652		
6653		
6653		
6653		
6654		
6654		
6654		
6654		
6655		
6655		
6655		
6655		
6656		
6658		
6660		
6661		
6662		
6663		
6663		
6664		
6665		
6667		
6667		
6668		
6668		
6669		
6674		
6676		
6677		
6679		
6680		
6681		
6684		
6687		
6687		
6690		
6690		
6690		
6691		
6693		
6696		
6697		
6697		
6699		
6699		
6700		
6702		
6703		
6703		
6704		
6705		
6706		
6707		
6707		
6707		
6707		
6709		
6709		
6709		
6709		
6710		
6710		
6712		
6714		
6717		
6717		
6717		
6717		
6718		
6720		
6721		
6721		
6722		
6722		
6723		
6723		
6725		
6725		
6725		
6725		
6726		
6726		
6728		
6728		
6729		
6729		
6730		
6730		
6731		
6731		
6732		
6732		
6733		
6734		
6736		
6737		
6737		
6737		
6742		
6742		
6742		
6745		
6746		
6747		
6748		
6749		
6750		
6750		
6751		
6752		
6752		
6752		
6753		
6754		
6754		
6756		
6766		
6767		
6768		
6768		
6770		
6771		
6772		
6776		
6777		
6777		
6778		
6780		
6781		
6783		
6783		
6785		
6785		
6785		
6787		
6787		
6787		
6788		
6790		
6796		
6797		
6799		
6800		
6801		
6802		
6804		
6804		
6805		
6806		
6806		
6807		
6807		
6808		
6808		
6810		
6812		
6812		
6813		
6815		
6816		
6816		
6817		
6817		
6818		
6819		
6821		
6821		
6822		
6824		
6824		
6826		
6826		
6826		
6829		
6829		
6833		
6833		
6833		
6834		
6835		
6835		
6835		
6836		
6836		
6837		
6839		
6839		
6842		
6843		
6844		
6845		
6845		
6846		
6846		
6847		
6848		
6849		
6849		
6850		
6852		
6852		
6852		
6853		
6853		
6853		
6855		
6856		
6856		
6857		
6859		
6860		
6862		
6863		
6864		
6864		
6865		
6865		
6866		
6868		
6868		
6869		
6870		
6872		
6872		
6872		
6874		
6874		
6876		
6877		
6878		
6879		
6881		
6882		
6882		
6883		
6883		
6883		
6883		
6884		
6886		
6887		
6889		
6890		
6891		
6893		
6894		
6895		
6896		
6898		
6898		
6898		
6899		
6900		
6900		
6902		
6902		
6902		
6904		
6904		
6905		
6908		
6908		
6908		
6910		
6913		
6915		
6916		
6916		
6918		
6918		
6919		
6920		
6922		
6923		
6923		
6923		
6925		
6925		
6927		
6927		
6928		
6929		
6930		
6931		
6932		
6933		
6933		
6934		
6936		
6939		
6939		
6940		
6941		
6943		
6943		
6944		
6944		
6945		
6949		
6951		
6953		
6954		
6954		
6957		
6957		
6957		
6959		
6962		
6964		
6965		
6965		
6966		
6966		
6969		
6970		
6971		
6972		
6973		
6975		
6975		
6976		
6977		
6977		
6978		
6982		
6982		
6983		
6985		
6988		
6988		
6989		
6989		
6989		
6990		
6990		
6990		
6990		
6991		
6994		
6994		
6994		
6994		
6994		
6994		
6996		
6997		
6997		
6997		
6998		
6998		
7001		
7001		
7002		
7004		
7005		
7005		
7005		
7005		
7009		
7009		
7009		
7009		
7011		
7013		
7013		
7014		
7015		
7015		
7015		
7017		
7018		
7019		
7019		
7020		
7020		
7020		
7021		
7024		
7024		
7024		
7025		
7026		
7026		
7030		
7030		
7032		
7033		
7033		
7034		
7035		
7036		
7036		
7039		
7039		
7039		
7040		
7041		
7042		
7044		
7045		
7046		
7047		
7048		
7049		
7050		
7050		
7050		
7050		
7052		
7052		
7053		
7053		
7054		
7055		
7056		
7057		
7057		
7057		
7059		
7059		
7060		
7060		
7061		
7061		
7063		
7064		
7064		
7065		
7065		
7066		
7067		
7069		
7069		
7069		
7072		
7072		
7075		
7076		
7077		
7078		
7080		
7082		
7083		
7083		
7084		
7087		
7090		
7090		
7093		
7094		
7095		
7098		
7098		
7099		
7099		
7100		
7101		
7102		
7102		
7103		
7104		
7105		
7105		
7106		
7106		
7108		
7109		
7110		
7111		
7112		
7112		
7113		
7114		
7115		
7115		
7117		
7119		
7119		
7121		
7123		
7124		
7126		
7126		
7126		
7126		
7128		
7129		
7130		
7130		
7132		
7132		
7132		
7132		
7137		
7138		
7140		
7143		
7144		
7144		
7146		
7146		
7146		
7149		
7149		
7150		
7151		
7152		
7153		
7154		
7155		
7158		
7160		
7162		
7162		
7162		
7164		
7164		
7164		
7165		
7166		
7167		
7168		
7172		
7173		
7173		
7173		
7173		
7174		
7174		
7175		
7175		
7175		
7175		
7175		
7175		
7175		
7176		
7177		
7178		
7178		
7178		
7179		
7179		
7179		
7179		
7179		
7183		
7184		
7185		
7186		
7186		
7186		
7187		
7187		
7187		
7188		
7190		
7190		
7190		
7191		
7192		
7193		
7196		
7196		
7197		
7197		
7197		
7198		
7199		
7199		
7201		
7201		
7203		
7204		
7205		
7206		
7207		
7207		
7208		
7208		
7209		
7212		
7213		
7214		
7215		
7217		
7218		
7218		
7218		
7219		
7221		
7221		
7221		
7221		
7221		
7222		
7222		
7222		
7225		
7227		
7228		
7229		
7231		
7231		
7231		
7232		
7232		
7233		
7234		
7236		
7239		
7241		
7241		
7242		
7242		
7243		
7246		
7248		
7248		
7250		
7250		
7252		
7252		
7252		
7253		
7254		
7254		
7254		
7256		
7256		
7259		
7261		
7262		
7263		
7264		
7265		
7266		
7266		
7268		
7268		
7269		
7270		
7271		
7271		
7272		
7273		
7274		
7275		
7276		
7277		
7279		
7279		
7279		
7282		
7286		
7289		
7291		
7293		
7293		
7294		
7295		
7295		
7295		
7295		
7296		
7301		
7301		
7301		
7302		
7302		
7303		
7303		
7306		
7307		
7308		
7310		
7310		
7310		
7311		
7311		
7312		
7317		
7317		
7317		
7318		
7319		
7321		
7321		
7322		
7323		
7325		
7326		
7328		
7328		
7331		
7334		
7335		
7336		
7337		
7337		
7337		
7339		
7339		
7340		
7341		
7341		
7342		
7345		
7347		
7348		
7349		
7350		
7351		
7353		
7353		
7355		
7356		
7357		
7358		
7358		
7360		
7362		
7362		
7363		
7363		
7364		
7364		
7365		
7366		
7367		
7367		
7370		
7370		
7372		
7372		
7373		
7373		
7373		
7376		
7376		
7377		
7379		
7379		
7379		
7380		
7381		
7383		
7384		
7385		
7386		
7387		
7389		
7390		
7390		
7393		
7394		
7394		
7395		
7395		
7395		
7396		
7396		
7397		
7399		
7400		
7401		
7401		
7402		
7404		
7405		
7405		
7406		
7406		
7406		
7407		
7407		
7411		
7412		
7415		
7415		
7415		
7416		
7418		
7419		
7419		
7419		
7421		
7422		
7422		
7423		
7424		
7424		
7426		
7426		
7427		
7427		
7428		
7429		
7429		
7429		
7429		
7430		
7431		
7432		
7433		
7434		
7435		
7435		
7436		
7436		
7437		
7439		
7439		
7440		
7440		
7441		
7441		
7441		
7443		
7444		
7444		
7445		
7448		
7449		
7452		
7452		
7453		
7455		
7456		
7456		
7457		
7458		
7460		
7460		
7460		
7462		
7463		
7463		
7463		
7464		
7464		
7464		
7464		
7465		
7466		
7466		
7468		
7469		
7472		
7472		
7472		
7473		
7474		
7476		
7476		
7476		
7476		
7477		
7478		
7479		
7480		
7482		
7482		
7482		
7483		
7485		
7486		
7487		
7487		
7489		
7490		
7491		
7495		
7496		
7497		
7500		
7500		
7501		
7501		
7501		
7501		
7503		
7503		
7504		
7504		
7504		
7505		
7505		
7507		
7508		
7510		
7510		
7510		
7511		
7512		
7513		
7514		
7514		
7516		
7517		
7517		
7519		
7519		
7519		
7521		
7522		
7524		
7524		
7525		
7525		
7527		
7528		
7528		
7528		
7530		
7531		
7531		
7532		
7532		
7534		
7535		
7537		
7539		
7539		
7540		
7540		
7541		
7541		
7541		
7541		
7541		
7542		
7542		
7542		
7542		
7545		
7545		
7546		
7549		
7550		
7551		
7551		
7552		
7553		
7555		
7556		
7559		
7559		
7560		
7561		
7562		
7562		
7565		
7566		
7566		
7566		
7567		
7567		
7568		
7568		
7571		
7572		
7572		
7574		
7574		
7576		
7577		
7577		
7578		
7580		
7580		
7580		
7583		
7585		
7585		
7585		
7586		
7586		
7586		
7587		
7587		
7588		
7589		
7590		
7592		
7596		
7597		
7597		
7598		
7598		
7599		
7599		
7600		
7600		
7601		
7602		
7605		
7605		
7607		
7609		
7609		
7610		
7610		
7611		
7614		
7614		
7614		
7615		
7617		
7617		
7618		
7618		
7620		
7621		
7622		
7622		
7622		
7623		
7623		
7624		
7624		
7624		
7624		
7627		
7627		
7630		
7630		
7630		
7630		
7631		
7631		
7631		
7635		
7635		
7641		
7643		
7644		
7646		
7646		
7647		
7648		
7652		
7652		
7654		
7655		
7655		
7655		
7655		
7657		
7657		
7658		
7658		
7658		
7662		
7663		
7664		
7665		
7666		
7667		
7669		
7669		
7669		
7669		
7670		
7670		
7671		
7673		
7673		
7674		
7674		
7676		
7676		
7677		
7677		
7680		
7681		
7681		
7682		
7682		
7683		
7684		
7684		
7685		
7685		
7686		
7689		
7693		
7695		
7696		
7697		
7698		
7699		
7700		
7701		
7701		
7702		
7702		
7703		
7703		
7703		
7704		
7704		
7706		
7706		
7706		
7707		
7708		
7710		
7711		
7712		
7716		
7717		
7717		
7718		
7719		
7721		
7722		
7723		
7723		
7724		
7724		
7725		
7725		
7726		
7726		
7726		
7726		
7728		
7729		
7729		
7731		
7733		
7733		
7735		
7737		
7737		
7737		
7738		
7738		
7740		
7740		
7740		
7744		
7745		
7746		
7748		
7749		
7749		
7750		
7750		
7751		
7752		
7752		
7753		
7753		
7753		
7754		
7755		
7755		
7755		
7756		
7757		
7758		
7760		
7761		
7762		
7766		
7767		
7771		
7771		
7771		
7771		
7772		
7773		
7774		
7775		
7775		
7778		
7779		
7780		
7780		
7781		
7781		
7783		
7785		
7786		
7786		
7789		
7789		
7789		
7791		
7792		
7793		
7794		
7795		
7795		
7797		
7798		
7798		
7802		
7803		
7803		
7805		
7806		
7806		
7806		
7808		
7809		
7809		
7809		
7810		
7812		
7815		
7816		
7816		
7820		
7820		
7821		
7822		
7822		
7824		
7824		
7827		
7830		
7830		
7830		
7830		
7834		
7835		
7835		
7838		
7838		
7839		
7840		
7841		
7841		
7843		
7843		
7844		
7844		
7845		
7845		
7847		
7847		
7854		
7858		
7858		
7859		
7859		
7859		
7860		
7861		
7861		
7862		
7863		
7865		
7866		
7866		
7867		
7867		
7868		
7869		
7872		
7873		
7875		
7875		
7876		
7876		
7876		
7879		
7880		
7882		
7883		
7883		
7885		
7885		
7886		
7887		
7890		
7890		
7891		
7893		
7893		
7893		
7894		
7895		
7895		
7899		
7899		
7899		
7900		
7901		
7902		
7902		
7906		
7907		
7908		
7909		
7912		
7916		
7918		
7918		
7921		
7922		
7922		
7924		
7924		
7925		
7925		
7925		
7925		
7926		
7927		
7927		
7927		
7928		
7930		
7931		
7932		
7932		
7933		
7935		
7936		
7938		
7939		
7940		
7940		
7941		
7941		
7942		
7945		
7945		
7945		
7947		
7949		
7949		
7949		
7951		
7951		
7953		
7953		
7954		
7954		
7954		
7955		
7957		
7957		
7960		
7960		
7961		
7961		
7966		
7969		
7969		
7970		
7970		
7971		
7972		
7972		
7972		
7973		
7974		
7974		
7976		
7977		
7978		
7980		
7980		
7983		
7984		
7985		
7986		
7986		
7986		
7986		
7987		
7988		
7988		
7989		
7990		
7993		
7993		
7998		
7999		
7999		
8001		
8002		
8002		
8003		
8004		
8004		
8005		
8006		
8006		
8006		
8008		
8008		
8009		
8009		
8010		
8016		
8016		
8016		
8017		
8017		
8018		
8020		
8020		
8022		
8025		
8028		
8028		
8029		
8031		
8034		
8036		
8036		
8037		
8040		
8044		
8044		
8047		
8048		
8050		
8051		
8051		
8052		
8052		
8052		
8052		
8053		
8054		
8054		
8054		
8056		
8056		
8058		
8058		
8058		
8061		
8062		
8063		
8066		
8067		
8068		
8070		
8070		
8071		
8071		
8071		
8072		
8072		
8073		
8074		
8074		
8077		
8077		
8077		
8078		
8078		
8078		
8078		
8080		
8080		
8081		
8082		
8082		
8083		
8084		
8086		
8086		
8086		
8087		
8087		
8087		
8089		
8089		
8093		
8094		
8096		
8096		
8097		
8097		
8097		
8100		
8102		
8102		
8105		
8105		
8107		
8108		
8108		
8109		
8110		
8111		
8113		
8115		
8115		
8116		
8117		
8118		
8118		
8119		
8121		
8123		
8125		
8128		
8129		
8129		
8129		
8129		
8130		
8132		
8133		
8133		
8134		
8135		
8135		
8135		
8136		
8136		
8136		
8137		
8137		
8138		
8139		
8140		
8140		
8141		
8142		
8142		
8143		
8143		
8143		
8144		
8145		
8146		
8146		
8148		
8149		
8150		
8150		
8152		
8153		
8153		
8156		
8156		
8156		
8157		
8157		
8158		
8163		
8163		
8164		
8164		
8166		
8169		
8170		
8170		
8170		
8173		
8173		
8174		
8174		
8175		
8175		
8179		
8179		
8180		
8180		
8180		
8181		
8181		
8183		
8183		
8184		
8185		
8187		
8187		
8188		
8189		
8189		
8190		
8191		
8191		
8192		
8193		
8195		
8196		
8198		
8200		
8201		
8203		
8203		
8204		
8205		
8206		
8207		
8207		
8210		
8211		
8217		
8217		
8218		
8219		
8219		
8220		
8221		
8221		
8223		
8224		
8224		
8224		
8226		
8226		
8231		
8232		
8233		
8233		
8234		
8235		
8235		
8236		
8238		
8238		
8240		
8246		
8246		
8253		
8254		
8255		
8255		
8256		
8257		
8258		
8258		
8259		
8260		
8260		
8262		
8264		
8266		
8268		
8268		
8271		
8271		
8274		
8274		
8275		
8277		
8277		
8278		
8278		
8280		
8281		
8283		
8283		
8283		
8284		
8284		
8285		
8287		
8288		
8290		
8291		
8292		
8294		
8295		
8295		
8295		
8296		
8297		
8299		
8301		
8301		
8305		
8306		
8306		
8307		
8308		
8310		
8311		
8312		
8313		
8313		
8314		
8314		
8314		
8314		
8315		
8316		
8319		
8320		
8321		
8321		
8321		
8321		
8321		
8322		
8322		
8323		
8324		
8325		
8325		
8325		
8325		
8328		
8329		
8329		
8331		
8333		
8334		
8338		
8339		
8341		
8341		
8341		
8344		
8345		
8347		
8348		
8348		
8349		
8352		
8355		
8356		
8356		
8356		
8358		
8360		
8361		
8362		
8364		
8364		
8365		
8369		
8371		
8371		
8372		
8373		
8373		
8373		
8374		
8374		
8375		
8376		
8380		
8380		
8381		
8381		
8381		
8381		
8382		
8382		
8383		
8384		
8388		
8390		
8391		
8392		
8392		
8393		
8394		
8395		
8396		
8396		
8398		
8398		
8399		
8401		
8401		
8402		
8404		
8404		
8405		
8405		
8405		
8406		
8406		
8407		
8407		
8413		
8413		
8414		
8414		
8414		
8415		
8415		
8418		
8419		
8421		
8422		
8423		
8423		
8423		
8424		
8427		
8429		
8429		
8431		
8431		
8433		
8433		
8434		
8434		
8436		
8441		
8441		
8442		
8444		
8445		
8446		
8447		
8449		
8449		
8449		
8450		
8450		
8452		
8452		
8453		
8453		
8455		
8457		
8460		
8462		
8463		
8464		
8464		
8465		
8466		
8466		
8467		
8468		
8468		
8469		
8470		
8470		
8471		
8471		
8472		
8472		
8473		
8473		
8474		
8475		
8476		
8476		
8479		
8481		
8483		
8485		
8487		
8487		
8490		
8490		
8491		
8494		
8497		
8498		
8499		
8500		
8501		
8502		
8508		
8510		
8513		
8514		
8515		
8516		
8516		
8517		
8518		
8519		
8521		
8521		
8522		
8524		
8524		
8525		
8526		
8527		
8527		
8527		
8529		
8529		
8529		
8530		
8530		
8533		
8533		
8534		
8535		
8536		
8537		
8539		
8541		
8541		
8544		
8545		
8547		
8547		
8548		
8548		
8549		
8551		
8551		
8552		
8552		
8553		
8556		
8557		
8557		
8557		
8558		
8558		
8559		
8560		
8560		
8561		
8561		
8561		
8561		
8562		
8562		
8563		
8563		
8563		
8563		
8564		
8564		
8565		
8567		
8568		
8569		
8569		
8570		
8571		
8571		
8572		
8572		
8573		
8574		
8574		
8574		
8575		
8576		
8576		
8576		
8576		
8576		
8576		
8578		
8578		
8579		
8581		
8583		
8583		
8584		
8586		
8586		
8586		
8586		
8587		
8589		
8589		
8590		
8590		
8591		
8591		
8592		
8592		
8593		
8595		
8595		
8595		
8596		
8600		
8603		
8603		
8606		
8606		
8606		
8607		
8609		
8610		
8611		
8611		
8612		
8612		
8612		
8613		
8614		
8616		
8616		
8617		
8619		
8619		
8621		
8621		
8625		
8625		
8626		
8626		
8628		
8628		
8628		
8629		
8631		
8632		
8632		
8633		
8634		
8635		
8637		
8638		
8639		
8641		
8642		
8643		
8646		
8646		
8647		
8649		
8653		
8653		
8655		
8657		
8658		
8659		
8660		
8660		
8661		
8663		
8666		
8667		
8670		
8671		
8672		
8672		
8672		
8672		
8673		
8673		
8675		
8677		
8677		
8678		
8679		
8679		
8680		
8680		
8686		
8686		
8688		
8688		
8688		
8692		
8692		
8694		
8695		
8696		
8697		
8698		
8699		
8699		
8699		
8700		
8701		
8701		
8702		
8704		
8704		
8704		
8705		
8706		
8708		
8708		
8710		
8711		
8712		
8712		
8713		
8713		
8714		
8715		
8716		
8719		
8719		
8719		
8719		
8720		
8721		
8721		
8722		
8723		
8725		
8726		
8727		
8727		
8729		
8729		
8731		
8735		
8736		
8737		
8739		
8739		
8740		
8740		
8740		
8741		
8743		
8744		
8744		
8745		
8746		
8747		
8749		
8749		
8751		
8753		
8755		
8756		
8756		
8756		
8757		
8758		
8758		
8758		
8761		
8762		
8764		
8765		
8766		
8766		
8766		
8766		
8767		
8768		
8772		
8772		
8773		
8775		
8775		
8775		
8778		
8778		
8780		
8781		
8783		
8783		
8784		
8784		
8786		
8787		
8788		
8790		
8792		
8793		
8796		
8796		
8797		
8799		
8802		
8805		
8806		
8806		
8807		
8808		
8809		
8810		
8810		
8811		
8813		
8814		
8814		
8814		
8816		
8816		
8816		
8816		
8817		
8817		
8818		
8821		
8821		
8823		
8823		
8824		
8824		
8825		
8827		
8830		
8831		
8832		
8832		
8834		
8834		
8836		
8838		
8841		
8842		
8842		
8842		
8844		
8845		
8845		
8845		
8845		
8845		
8846		
8849		
8849		
8849		
8850		
8851		
8853		
8854		
8856		
8860		
8860		
8864		
8866		
8868		
8869		
8869		
8869		
8869		
8869		
8871		
8873		
8874		
8874		
8874		
8879		
8881		
8882		
8884		
8884		
8885		
8885		
8886		
8887		
8888		
8889		
8890		
8891		
8892		
8893		
8895		
8895		
8895		
8896		
8896		
8898		
8898		
8899		
8899		
8900		
8900		
8901		
8901		
8902		
8903		
8905		
8906		
8906		
8907		
8907		
8907		
8908		
8908		
8908		
8908		
8910		
8911		
8914		
8914		
8915		
8916		
8916		
8916		
8916		
8917		
8917		
8918		
8919		
8920		
8920		
8922		
8923		
8925		
8925		
8926		
8927		
8927		
8928		
8929		
8932		
8933		
8933		
8933		
8934		
8936		
8937		
8937		
8940		
8940		
8941		
8941		
8941		
8942		
8943		
8944		
8948		
8948		
8949		
8950		
8950		
8951		
8951		
8953		
8953		
8954		
8954		
8954		
8954		
8955		
8955		
8956		
8958		
8958		
8959		
8963		
8963		
8965		
8965		
8968		
8969		
8969		
8969		
8970		
8970		
8971		
8973		
8973		
8973		
8974		
8974		
8974		
8974		
8975		
8976		
8976		
8976		
8978		
8979		
8979		
8980		
8980		
8985		
8987		
8988		
8989		
8991		
8992		
8993		
8994		
8995		
8996		
8997		
8998		
8998		
8998		
8998		
9000		
9001		
9002		
9003		
9003		
9004		
9004		
9005		
9006		
9007		
9008		
9008		
9008		
9011		
9011		
9012		
9012		
9012		
9014		
9014		
9015		
9016		
9017		
9019		
9020		
9024		
9025		
9025		
9026		
9030		
9031		
9032		
9033		
9035		
9039		
9040		
9041		
9042		
9042		
9043		
9043		
9043		
9045		
9045		
9045		
9045		
9046		
9047		
9048		
9048		
9049		
9050		
9050		
9053		
9053		
9053		
9054		
9056		
9056		
9057		
9059		
9060		
9060		
9061		
9061		
9062		
9063		
9064		
9065		
9065		
9066		
9066		
9067		
9067		
9067		
9069		
9069		
9071		
9072		
9074		
9074		
9074		
9075		
9076		
9076		
9076		
9077		
9077		
9077		
9080		
9082		
9083		
9088		
9090		
9090		
9093		
9093		
9097		
9098		
9099		
9101		
9107		
9109		
9109		
9111		
9114		
9114		
9115		
9116		
9116		
9117		
9118		
9118		
9120		
9120		
9121		
9123		
9123		
9125		
9125		
9128		
9130		
9131		
9131		
9131		
9132		
9132		
9132		
9133		
9136		
9137		
9137		
9138		
9138		
9140		
9142		
9142		
9142		
9143		
9144		
9145		
9145		
9145		
9146		
9146		
9147		
9149		
9149		
9151		
9151		
9151		
9151		
9152		
9154		
9163		
9164		
9164		
9165		
9166		
9166		
9167		
9168		
9169		
9170		
9172		
9173		
9175		
9177		
9177		
9177		
9178		
9178		
9180		
9180		
9180		
9181		
9186		
9187		
9189		
9189		
9189		
9190		
9194		
9197		
9197		
9199		
9202		
9203		
9203		
9205		
9209		
9211		
9212		
9212		
9213		
9215		
9216		
9216		
9217		
9217		
9218		
9219		
9220		
9221		
9221		
9222		
9222		
9223		
9224		
9226		
9227		
9228		
9230		
9231		
9232		
9233		
9233		
9235		
9236		
9237		
9238		
9238		
9241		
9241		
9242		
9242		
9243		
9247		
9248		
9249		
9250		
9250		
9251		
9255		
9257		
9257		
9257		
9258		
9259		
9261		
9262		
9268		
9269		
9272		
9272		
9276		
9278		
9279		
9279		
9281		
9281		
9282		
9282		
9282		
9282		
9283		
9287		
9287		
9292		
9294		
9294		
9295		
9295		
9296		
9297		
9298		
9299		
9299		
9300		
9303		
9303		
9304		
9304		
9305		
9306		
9307		
9309		
9311		
9311		
9312		
9313		
9314		
9315		
9315		
9316		
9316		
9317		
9317		
9318		
9321		
9321		
9322		
9323		
9323		
9325		
9329		
9330		
9331		
9332		
9333		
9334		
9335		
9335		
9335		
9336		
9337		
9339		
9339		
9341		
9342		
9342		
9343		
9343		
9344		
9344		
9344		
9345		
9346		
9349		
9352		
9352		
9352		
9352		
9355		
9355		
9357		
9358		
9359		
9361		
9361		
9362		
9363		
9363		
9364		
9366		
9367		
9369		
9369		
9370		
9370		
9372		
9373		
9373		
9374		
9377		
9378		
9378		
9381		
9381		
9382		
9382		
9384		
9386		
9386		
9386		
9386		
9392		
9392		
9393		
9393		
9394		
9397		
9398		
9399		
9400		
9400		
9401		
9405		
9406		
9407		
9408		
9408		
9409		
9409		
9409		
9410		
9412		
9412		
9413		
9414		
9414		
9415		
9415		
9417		
9418		
9418		
9420		
9420		
9422		
9424		
9425		
9428		
9428		
9428		
9430		
9431		
9435		
9436		
9437		
9437		
9438		
9441		
9443		
9445		
9445		
9445		
9446		
9447		
9449		
9452		
9454		
9455		
9456		
9458		
9459		
9462		
9463		
9463		
9463		
9464		
9465		
9465		
9465		
9465		
9466		
9466		
9466		
9467		
9468		
9468		
9469		
9469		
9469		
9470		
9471		
9472		
9473		
9473		
9473		
9475		
9475		
9477		
9477		
9477		
9477		
9477		
9478		
9478		
9478		
9479		
9479		
9479		
9479		
9479		
9480		
9483		
9483		
9484		
9485		
9486		
9487		
9488		
9488		
9488		
9490		
9490		
9491		
9492		
9492		
9494		
9494		
9494		
9495		
9497		
9497		
9497		
9497		
9498		
9498		
9498		
9499		
9500		
9501		
9502		
9502		
9502		
9502		
9504		
9504		
9505		
9506		
9506		
9507		
9507		
9509		
9510		
9512		
9513		
9515		
9515		
9516		
9516		
9517		
9519		
9522		
9523		
9523		
9523		
9524		
9525		
9525		
9527		
9527		
9528		
9529		
9530		
9532		
9533		
9533		
9534		
9535		
9536		
9539		
9540		
9542		
9543		
9543		
9544		
9546		
9549		
9551		
9552		
9552		
9553		
9554		
9554		
9554		
9556		
9556		
9558		
9559		
9560		
9560		
9560		
9563		
9566		
9567		
9568		
9571		
9571		
9572		
9574		
9576		
9580		
9582		
9582		
9584		
9585		
9585		
9587		
9588		
9589		
9591		
9591		
9592		
9593		
9596		
9597		
9599		
9601		
9603		
9603		
9604		
9605		
9606		
9606		
9607		
9607		
9608		
9609		
9609		
9611		
9611		
9611		
9612		
9613		
9613		
9614		
9614		
9615		
9615		
9616		
9616		
9616		
9617		
9618		
9618		
9618		
9619		
9619		
9619		
9619		
9620		
9620		
9620		
9620		
9620		
9621		
9621		
9623		
9624		
9624		
9627		
9627		
9628		
9628		
9629		
9629		
9631		
9631		
9632		
9633		
9634		
9635		
9636		
9640		
9641		
9641		
9642		
9643		
9644		
9645		
9645		
9647		
9648		
9649		
9649		
9651		
9653		
9655		
9657		
9657		
9662		
9664		
9668		
9668		
9669		
9670		
9670		
9672		
9673		
9677		
9678		
9678		
9681		
9682		
9682		
9684		
9685		
9687		
9687		
9688		
9689		
9692		
9694		
9695		
9695		
9695		
9697		
9698		
9700		
9702		
9702		
9703		
9703		
9705		
9705		
9706		
9707		
9708		
9709		
9709		
9709		
9710		
9710		
9712		
9712		
9712		
9715		
9718		
9719		
9720		
9720		
9721		
9721		
9722		
9722		
9723		
9724		
9725		
9725		
9726		
9729		
9729		
9730		
9730		
9734		
9735		
9735		
9735		
9737		
9738		
9739		
9739		
9741		
9741		
9741		
9742		
9749		
9750		
9750		
9751		
9752		
9753		
9754		
9754		
9754		
9754		
9755		
9755		
9758		
9758		
9758		
9758		
9760		
9761		
9762		
9763		
9766		
9767		
9769		
9771		
9772		
9772		
9772		
9773		
9774		
9777		
9777		
9777		
9779		
9779		
9781		
9781		
9781		
9782		
9783		
9783		
9784		
9785		
9786		
9786		
9787		
9787		
9788		
9789		
9789		
9789		
9792		
9794		
9797		
9797		
9805		
9806		
9806		
9808		
9809		
9810		
9810		
9810		
9811		
9811		
9811		
9812		
9812		
9813		
9813		
9815		
9817		
9818		
9819		
9822		
9822		
9823		
9824		
9824		
9824		
9825		
9825		
9826		
9827		
9828		
9829		
9829		
9830		
9832		
9834		
9834		
9834		
9836		
9836		
9838		
9840		
9840		
9840		
9842		
9843		
9843		
9846		
9848		
9849		
9850		
9850		
9852		
9853		
9853		
9853		
9854		
9856		
9856		
9858		
9859		
9859		
9859		
9862		
9866		
9867		
9868		
9869		
9870		
9874		
9874		
9875		
9877		
9878		
9878		
9881		
9883		
9885		
9885		
9886		
9887		
9887		
9890		
9891		
9893		
9895		
9896		
9897		
9898		
9899		
9900		
9900		
9901		
9903		
9904		
9905		
9907		
9907		
9908		
9909		
9910		
9910		
9911		
9912		
9915		
9916		
9917		
9919		
9920		
9920		
9921		
9921		
9924		
9926		
9927		
9932		
9935		
9936		
9938		
9941		
9941		
9942		
9943		
9943		
9943		
9944		
9946		
9947		
9947		
9948		
9948		
9948		
9948		
9949		
9949		
9951		
9952		
9955		
9957		
9959		
9961		
9961		
9962		
9962		
9963		
9966		
9966		
9966		
9966		
9967		
9968		
9968		
9968		
9968		
9968		
9970		
9970		
9972		
9973		
9975		
9976		
9978		
9980		
9981		
9982		
9982		
9983		
9984		
9984		
9986		
9986		
9986		
9987		
9991		
9991		
9993		
9995		
9996		
9996		
9997		
9998		
